S = [ 12.3 -4.05 -5.31 0 0 0;
      -4.05 12.3 -5.31 0 0 0;
      -5.31 -5.31 15.5 0 0 0;
      0 0 0 39 0 0;
      0 0 0 0 39 0;
      0 0 0 0 0 32.7] * 10^(-12);
  E1=S(1,1)^-1;
  E2=S(2,2)^-1;
  E3=S(3,3)^-1;
  v21=-S(1,2)*E2;
  v31=-S(1,3)*E3;
  v32=-S(2,3)*E3;
  G23=(2*S(4,4))^-1;
  G31=(2*S(5,5))^-1;
  G12=(2*S(6,6))^-1;
  v23=E2*v32/E3;
  v12=E1*v21/E2;
  v13=E1*v31/E3;